2
 0 2 1023.57 2 0.6 49344.8 6828.36 0
 2 1 4000 0.6
  1
 3 0 0 0 7 0 0
 1 1023.57 1023.57 1 1 0.01 0.954554 0.954554 3.76257 -0.0348284 -0.125724 4.96279 2.5163 0 0
  1
 8 0 0 0 7 0 0
 0 1023.57 1023.57 2 0.757377 0.640284 325.804 325.804 3.5047 4 -2.75695 -2.49305 3.32239 0 0
2
 0 2 1023.57 2 0.6 56641.4 7315.81 0
 2 1 4000 0.6
  1
 3 0 0 0 0 0 0
 1 1023.57 1023.57 1 1 0.01 0.954554 0.954554 3.76257 -0.0348284 -0.125724 4.96279 2.5163 0 0
  1
 12 0 0 0 7 0 0
 0 1023.57 1024.57 2 0.640284 0.640284 0.0130841 0.0130841 5.10332 1.60206 -6.78564 7.53049 3.32239 0 0
2
 0 2 10057.7 2 0.6 103228 9778.69 0
 2 1 4000 0.6
  1
 12 0 0 0 0 0 0
 0 10057.7 10058.7 2 0.640284 0.640284 0.012192 0.012192 3.57556 -4.57031 -1.23728 17.4131 1.94983 0 0
  1
 12 0 0 0 0 0 0
 1 10057.7 10058.8 1 0.539083 0.539083 0.0128121 0.0128121 5.10788 1.60206 -6.81413 7.55898 2.12727 0 0
1
 8 0 0 0 0 0 0
 3 379.807 379.807 3.00098 1.03883 0.727877 407.205 407.205 3.51069 4.21766 -2.63433 -3.15983 0 0 0
1
 12 0 0 0 0 0 0
 3 379.807 380.807 3.00098 0.727877 0.727877 0.011408 0.011408 5.13309 1.60206 -6.97152 7.71637 0 0 0
